Descending order output from BST (1000 values)

[1] 999619
[2] 996738
[3] 993668
[4] 992758
[5] 992447
[6] 992325
[7] 991815
[8] 990251
[9] 986568
[10] 986540
[11] 984184
[12] 982034
[13] 981546
[14] 981339
[15] 978861
[16] 978680
[17] 978633
[18] 978030
[19] 977312
[20] 975624
[21] 972288
[22] 971039
[23] 970030
[24] 969595
[25] 968374
[26] 967124
[27] 964533
[28] 963152
[29] 962526
[30] 962150
[31] 959521
[32] 959389
[33] 959253
[34] 958291
[35] 957158
[36] 956805
[37] 956736
[38] 955249
[39] 953676
[40] 951423
[41] 947961
[42] 945810
[43] 945151
[44] 945000
[45] 944588
[46] 944372
[47] 943775
[48] 943630
[49] 942531
[50] 942317
[51] 941738
[52] 939530
[53] 938021
[54] 937250
[55] 935245
[56] 933735
[57] 932966
[58] 931953
[59] 931558
[60] 930549
[61] 929916
[62] 928151
[63] 928022
[64] 927514
[65] 926210
[66] 925860
[67] 924193
[68] 923107
[69] 922920
[70] 918395
[71] 917772
[72] 915920
[73] 915788
[74] 914160
[75] 914137
[76] 912419
[77] 911223
[78] 910320
[79] 910106
[80] 909861
[81] 909832
[82] 909496
[83] 908654
[84] 903490
[85] 900576
[86] 900185
[87] 898163
[88] 897947
[89] 897870
[90] 897615
[91] 897320
[92] 896046
[93] 894743
[94] 887572
[95] 887433
[96] 887337
[97] 886969
[98] 886065
[99] 885996
[100] 885394
[101] 885162
[102] 884946
[103] 882257
[104] 882074
[105] 881884
[106] 880909
[107] 880473
[108] 879927
[109] 879620
[110] 878486
[111] 878123
[112] 876953
[113] 876792
[114] 875481
[115] 874221
[116] 872499
[117] 868990
[118] 868645
[119] 866679
[120] 866573
[121] 865826
[122] 865365
[123] 863862
[124] 862752
[125] 860762
[126] 859420
[127] 858943
[128] 858843
[129] 858221
[130] 857553
[131] 855966
[132] 855598
[133] 853367
[134] 852872
[135] 852285
[136] 851917
[137] 851565
[138] 850984
[139] 850708
[140] 850441
[141] 849384
[142] 849019
[143] 848090
[144] 847633
[145] 846772
[146] 845657
[147] 845648
[148] 845339
[149] 840631
[150] 838294
[151] 837890
[152] 837772
[153] 837741
[154] 836665
[155] 832471
[156] 830896
[157] 829748
[158] 827786
[159] 826616
[160] 824152
[161] 823285
[162] 821615
[163] 821239
[164] 820640
[165] 820208
[166] 818300
[167] 817987
[168] 816988
[169] 814200
[170] 811016
[171] 810701
[172] 810335
[173] 809805
[174] 808690
[175] 808001
[176] 807343
[177] 807324
[178] 806549
[179] 806084
[180] 804902
[181] 804692
[182] 803947
[183] 803438
[184] 803307
[185] 802959
[186] 802476
[187] 802017
[188] 801789
[189] 799483
[190] 796516
[191] 796499
[192] 795261
[193] 794329
[194] 794066
[195] 793976
[196] 791515
[197] 791205
[198] 790476
[199] 790318
[200] 789931
[201] 788562
[202] 787743
[203] 787647
[204] 787092
[205] 784947
[206] 784640
[207] 784428
[208] 784111
[209] 782685
[210] 782008
[211] 781162
[212] 780401
[213] 779810
[214] 778465
[215] 778166
[216] 773993
[217] 773939
[218] 771270
[219] 769767
[220] 769541
[221] 769117
[222] 769032
[223] 768714
[224] 767282
[225] 767082
[226] 765310
[227] 764998
[228] 761726
[229] 760096
[230] 759477
[231] 758667
[232] 757377
[233] 754081
[234] 750244
[235] 749473
[236] 748181
[237] 748147
[238] 746151
[239] 745811
[240] 745017
[241] 744989
[242] 744733
[243] 744235
[244] 744102
[245] 743441
[246] 741498
[247] 740448
[248] 739023
[249] 738558
[250] 737122
[251] 736508
[252] 734277
[253] 734242
[254] 734116
[255] 733998
[256] 733240
[257] 733072
[258] 731109
[259] 730654
[260] 730348
[261] 729684
[262] 728884
[263] 725740
[264] 724203
[265] 724193
[266] 723803
[267] 722494
[268] 722153
[269] 721827
[270] 721547
[271] 721376
[272] 721246
[273] 719407
[274] 718800
[275] 718589
[276] 718310
[277] 718179
[278] 718015
[279] 717849
[280] 717365
[281] 716991
[282] 715730
[283] 714855
[284] 714783
[285] 714733
[286] 714621
[287] 712877
[288] 712578
[289] 711225
[290] 708043
[291] 706739
[292] 704838
[293] 704831
[294] 701723
[295] 701458
[296] 700741
[297] 700463
[298] 700282
[299] 700074
[300] 698752
[301] 698582
[302] 697422
[303] 691101
[304] 686332
[305] 685937
[306] 685485
[307] 680022
[308] 676915
[309] 675251
[310] 673395
[311] 673305
[312] 671045
[313] 671025
[314] 667754
[315] 667539
[316] 665190
[317] 661367
[318] 660507
[319] 658233
[320] 655418
[321] 655358
[322] 653469
[323] 652530
[324] 651625
[325] 650541
[326] 650532
[327] 650419
[328] 650162
[329] 649733
[330] 648903
[331] 648678
[332] 647267
[333] 647179
[334] 646422
[335] 644638
[336] 644031
[337] 641799
[338] 639987
[339] 639396
[340] 639180
[341] 638321
[342] 638209
[343] 636997
[344] 636064
[345] 635114
[346] 634263
[347] 633647
[348] 631296
[349] 630110
[350] 629912
[351] 629564
[352] 629363
[353] 628700
[354] 625252
[355] 622749
[356] 621725
[357] 621405
[358] 620963
[359] 620928
[360] 620484
[361] 620442
[362] 619923
[363] 617171
[364] 613054
[365] 613039
[366] 610224
[367] 609982
[368] 609037
[369] 608740
[370] 608683
[371] 607089
[372] 604904
[373] 603829
[374] 603349
[375] 601914
[376] 601094
[377] 600939
[378] 600692
[379] 597279
[380] 597079
[381] 594250
[382] 593480
[383] 593148
[384] 592823
[385] 592489
[386] 592279
[387] 591824
[388] 590148
[389] 589751
[390] 588239
[391] 586708
[392] 585273
[393] 585111
[394] 584398
[395] 583513
[396] 581774
[397] 581473
[398] 581400
[399] 580561
[400] 579799
[401] 579273
[402] 576846
[403] 574566
[404] 573146
[405] 572807
[406] 572691
[407] 571327
[408] 570996
[409] 569704
[410] 568172
[411] 564776
[412] 564636
[413] 564184
[414] 563504
[415] 563138
[416] 560863
[417] 560386
[418] 560327
[419] 559727
[420] 556463
[421] 555847
[422] 555763
[423] 555392
[424] 552339
[425] 551457
[426] 551323
[427] 550266
[428] 550263
[429] 549971
[430] 549242
[431] 548722
[432] 548290
[433] 547443
[434] 544522
[435] 544227
[436] 542793
[437] 542615
[438] 542347
[439] 542277
[440] 541948
[441] 541894
[442] 541863
[443] 540858
[444] 540227
[445] 540072
[446] 539269
[447] 539101
[448] 537896
[449] 537104
[450] 536815
[451] 536572
[452] 535263
[453] 534900
[454] 534337
[455] 534308
[456] 533897
[457] 533314
[458] 532351
[459] 528257
[460] 528166
[461] 525799
[462] 525591
[463] 524952
[464] 524940
[465] 522096
[466] 521983
[467] 520595
[468] 519807
[469] 519723
[470] 517758
[471] 517641
[472] 517221
[473] 516656
[474] 516356
[475] 516329
[476] 515914
[477] 515144
[478] 513662
[479] 512039
[480] 506849
[481] 506172
[482] 505834
[483] 504908
[484] 503129
[485] 502375
[486] 501516
[487] 500917
[488] 500533
[489] 497786
[490] 496216
[491] 495155
[492] 491827
[493] 489972
[494] 489928
[495] 489224
[496] 487647
[497] 487642
[498] 487342
[499] 486623
[500] 486375
[501] 484556
[502] 484494
[503] 483791
[504] 482924
[505] 482610
[506] 480403
[507] 480039
[508] 476632
[509] 476266
[510] 473153
[511] 473033
[512] 472313
[513] 471040
[514] 470624
[515] 470049
[516] 468512
[517] 468022
[518] 466894
[519] 466811
[520] 466770
[521] 466094
[522] 465801
[523] 465758
[524] 463405
[525] 462716
[526] 461440
[527] 460222
[528] 459170
[529] 458832
[530] 458506
[531] 457824
[532] 457265
[533] 456722
[534] 455151
[535] 454677
[536] 453774
[537] 453075
[538] 453040
[539] 452897
[540] 452769
[541] 451637
[542] 451414
[543] 450664
[544] 448418
[545] 447812
[546] 445954
[547] 443526
[548] 443338
[549] 441408
[550] 441138
[551] 440622
[552] 440285
[553] 440024
[554] 439649
[555] 438505
[556] 438334
[557] 438125
[558] 437000
[559] 436108
[560] 429463
[561] 421290
[562] 420865
[563] 420518
[564] 417552
[565] 414360
[566] 413628
[567] 413041
[568] 412447
[569] 412062
[570] 411255
[571] 410830
[572] 409800
[573] 409257
[574] 408615
[575] 408518
[576] 408286
[577] 407530
[578] 406856
[579] 406848
[580] 406294
[581] 404875
[582] 403894
[583] 403653
[584] 403131
[585] 399661
[586] 399192
[587] 396575
[588] 396549
[589] 395094
[590] 394391
[591] 392939
[592] 392781
[593] 391804
[594] 391725
[595] 390168
[596] 387637
[597] 386800
[598] 386452
[599] 385985
[600] 385792
[601] 385295
[602] 384121
[603] 383399
[604] 381173
[605] 379919
[606] 379760
[607] 376264
[608] 376198
[609] 374014
[610] 373382
[611] 372108
[612] 370403
[613] 368464
[614] 367566
[615] 367310
[616] 366430
[617] 365659
[618] 364685
[619] 364194
[620] 363654
[621] 362584
[622] 361918
[623] 358540
[624] 355932
[625] 355401
[626] 355387
[627] 354426
[628] 348548
[629] 346663
[630] 346542
[631] 345141
[632] 342819
[633] 342123
[634] 340897
[635] 340023
[636] 339655
[637] 338069
[638] 338060
[639] 332854
[640] 331300
[641] 331109
[642] 330514
[643] 329150
[644] 328797
[645] 328643
[646] 328463
[647] 328045
[648] 324009
[649] 323909
[650] 322944
[651] 322097
[652] 321687
[653] 321633
[654] 321140
[655] 320994
[656] 320888
[657] 319190
[658] 319179
[659] 318501
[660] 318458
[661] 318335
[662] 316953
[663] 316149
[664] 316098
[665] 315054
[666] 314937
[667] 312978
[668] 312542
[669] 311309
[670] 311062
[671] 310999
[672] 310349
[673] 309755
[674] 309176
[675] 309044
[676] 308750
[677] 307570
[678] 307516
[679] 306289
[680] 305980
[681] 303670
[682] 301578
[683] 299325
[684] 297467
[685] 296749
[686] 296141
[687] 295468
[688] 293824
[689] 292434
[690] 291774
[691] 291308
[692] 291119
[693] 290139
[694] 289535
[695] 284709
[696] 283919
[697] 282729
[698] 282695
[699] 282412
[700] 281954
[701] 279545
[702] 278217
[703] 277898
[704] 277561
[705] 277252
[706] 276582
[707] 275902
[708] 275330
[709] 274761
[710] 274264
[711] 273717
[712] 273083
[713] 272256
[714] 271927
[715] 271088
[716] 270764
[717] 270449
[718] 269516
[719] 266962
[720] 266343
[721] 264921
[722] 263300
[723] 262762
[724] 262157
[725] 261577
[726] 259921
[727] 259441
[728] 258397
[729] 258383
[730] 257626
[731] 257549
[732] 256700
[733] 256473
[734] 256199
[735] 255240
[736] 254917
[737] 254373
[738] 254007
[739] 253428
[740] 253160
[741] 252911
[742] 251599
[743] 250518
[744] 249982
[745] 249127
[746] 247594
[747] 245173
[748] 245105
[749] 244945
[750] 242425
[751] 242345
[752] 241267
[753] 235397
[754] 234722
[755] 234476
[756] 232030
[757] 231701
[758] 231437
[759] 229563
[760] 227599
[761] 227393
[762] 227082
[763] 224688
[764] 224155
[765] 223498
[766] 222798
[767] 222130
[768] 221885
[769] 221408
[770] 220277
[771] 219876
[772] 219762
[773] 219284
[774] 219217
[775] 218152
[776] 217902
[777] 215956
[778] 215717
[779] 213154
[780] 212804
[781] 212132
[782] 211506
[783] 210888
[784] 210565
[785] 209185
[786] 208459
[787] 207295
[788] 204831
[789] 204440
[790] 203134
[791] 200777
[792] 199254
[793] 198484
[794] 198079
[795] 197228
[796] 196539
[797] 195224
[798] 192113
[799] 191871
[800] 191320
[801] 190263
[802] 188048
[803] 187702
[804] 187493
[805] 183827
[806] 183666
[807] 178036
[808] 178000
[809] 175805
[810] 173143
[811] 171786
[812] 171155
[813] 169360
[814] 168864
[815] 168482
[816] 167948
[817] 166713
[818] 165836
[819] 165713
[820] 164835
[821] 164068
[822] 163613
[823] 163330
[824] 162167
[825] 161380
[826] 161194
[827] 160619
[828] 160282
[829] 159080
[830] 159061
[831] 158667
[832] 158240
[833] 157632
[834] 156591
[835] 156550
[836] 156308
[837] 154622
[838] 153334
[839] 153312
[840] 149914
[841] 149183
[842] 147300
[843] 145879
[844] 145343
[845] 145155
[846] 144530
[847] 143635
[848] 143034
[849] 141913
[850] 141680
[851] 141317
[852] 141272
[853] 140267
[854] 140096
[855] 138078
[856] 136920
[857] 135827
[858] 135006
[859] 132852
[860] 131667
[861] 130798
[862] 130389
[863] 129393
[864] 128619
[865] 127490
[866] 127036
[867] 126144
[868] 125883
[869] 125115
[870] 124830
[871] 124142
[872] 120978
[873] 119187
[874] 118946
[875] 116199
[876] 116031
[877] 115135
[878] 114714
[879] 114164
[880] 112555
[881] 111545
[882] 111288
[883] 109714
[884] 109545
[885] 108168
[886] 107921
[887] 104469
[888] 104128
[889] 101372
[890] 98706
[891] 97965
[892] 97690
[893] 97501
[894] 96408
[895] 95882
[896] 94206
[897] 90956
[898] 89650
[899] 88407
[900] 86229
[901] 85527
[902] 85239
[903] 84609
[904] 84071
[905] 83796
[906] 83470
[907] 82973
[908] 82542
[909] 82253
[910] 82140
[911] 81717
[912] 80681
[913] 80492
[914] 80430
[915] 78981
[916] 77905
[917] 77082
[918] 76118
[919] 74166
[920] 73915
[921] 73835
[922] 73676
[923] 73107
[924] 71853
[925] 71100
[926] 69355
[927] 68968
[928] 68008
[929] 66206
[930] 63040
[931] 62981
[932] 62303
[933] 62281
[934] 60609
[935] 58623
[936] 58523
[937] 58329
[938] 58139
[939] 57805
[940] 55138
[941] 53087
[942] 51875
[943] 51538
[944] 48317
[945] 48240
[946] 48206
[947] 47826
[948] 47204
[949] 47165
[950] 45349
[951] 44805
[952] 43468
[953] 42204
[954] 41939
[955] 39622
[956] 39359
[957] 38678
[958] 34641
[959] 33934
[960] 33488
[961] 31976
[962] 31067
[963] 29976
[964] 29328
[965] 29120
[966] 28962
[967] 28540
[968] 27031
[969] 25882
[970] 25327
[971] 24965
[972] 24818
[973] 24326
[974] 23235
[975] 22054
[976] 21819
[977] 20285
[978] 19975
[979] 18107
[980] 17602
[981] 16950
[982] 16564
[983] 15492
[984] 15407
[985] 15384
[986] 13147
[987] 11955
[988] 8717
[989] 8688
[990] 8413
[991] 5322
[992] 4641
[993] 4121
[994] 3549
[995] 3208
[996] 2512
[997] 1537
[998] 903
[999] 828
[1000] 546
